NDB_00014	0	20	0.888889
NDB_00015	0	24	0.5
NDB_00016	0	24	0.909091
NDB_00047	0	24	0.909091
NDB_00048	1	56	0
NDB_00049	0	26	0.916667
NDB_00051	3	75	0.536585
PDB_00001	0	24	0
PDB_00006	0	38	1
PDB_00010	0	30	1
PDB_00011	0	24	0.909091
PDB_00012	0	29	0.823529
PDB_00013	0	29	0.952381
PDB_00020	0	40	0
PDB_00029	57347	2904	0.56567
PDB_00030	26	120	0.294118
PDB_00035	0	21	0.941176
PDB_00042	0	29	0.869565
PDB_00043	0	30	0.869565
PDB_00045	3	76	0.325581
PDB_00048	0	25	0.947368
PDB_00053	0	30	1
PDB_00054	0	20	0.666667
PDB_00070	3	76	0.666667
PDB_00073	0	27	0.75
PDB_00074	0	28	0
PDB_00078	142	316	0.811321
PDB_00081	0	20	0.941176
PDB_00082	158	315	0.807882
PDB_00088	0	30	0.818182
PDB_00095	7	75	0.545455
PDB_00096	0	26	0.727273
PDB_00098	0	22	0.8
PDB_00104	0	36	0
PDB_00107	0	31	0.869565
PDB_00108	0	21	1
PDB_00110	0	23	1
PDB_00112	0	46	0.923077
PDB_00113	0	22	0.941176
PDB_00120	0	22	0.947368
PDB_00121	0	22	0.947368
PDB_00122	0	25	0.909091
PDB_00123	11	92	0
PDB_00124	0	32	0
PDB_00125	0	22	0
PDB_00130	0	24	0.857143
PDB_00133	0	32	0
PDB_00134	0	28	1
PDB_00138	0	28	1
PDB_00140	159	314	0.836735
PDB_00141	0	24	0.888889
PDB_00142	0	30	0.909091
PDB_00149	0	38	0.888889
PDB_00153	0	23	0.842105
PDB_00154	0	31	0.666667
PDB_00157	4	82	0
PDB_00159	0	27	0.736842
PDB_00168	0	25	0.615385
PDB_00169	0	22	0.823529
PDB_00171	0	30	0.8
PDB_00173	0	24	0.947368
PDB_00174	0	46	0.9
PDB_00175	7	96	0
PDB_00178	0	33	0.857143
PDB_00181	0	22	0.875
PDB_00187	47097	2738	0.427227
PDB_00189	10	27	0.888889
PDB_00190	0	22	0.947368
PDB_00195	6	84	0
PDB_00196	1	57	0.923077
PDB_00197	0	25	0.823529
PDB_00201	0	26	0.75
PDB_00205	0	30	0.833333
PDB_00206	0	24	1
PDB_00207	0	28	0.923077
PDB_00209	0	34	0
PDB_00211	0	20	0.888889
PDB_00221	0	23	0.875
PDB_00229	3	75	0.954545
PDB_00234	0	24	0
PDB_00236	1	48	0
PDB_00239	0	41	0.296296
PDB_00243	0	36	0.933333
PDB_00244	3	73	0.564103
PDB_00248	0	24	0.857143
PDB_00249	0	24	0
PDB_00254	0	24	0
PDB_00256	0	26	0
PDB_00257	0	27	0.952381
PDB_00258	0	23	1
PDB_00259	3	72	0.536585
PDB_00261	0	32	0
PDB_00262	0	48	0.222222
PDB_00264	0	48	0
PDB_00266	0	28	0.923077
PDB_00285	0	20	1
PDB_00286	0	20	0
PDB_00307	24	150	0.246154
PDB_00313	3	74	0.615385
PDB_00327	4	79	0.55
PDB_00339	0	37	0.814815
PDB_00340	15	140	0.255319
PDB_00358	24	146	0.54321
PDB_00365	0	30	0.962963
PDB_00370	26	175	0.103448
PDB_00371	0	34	0.888889
PDB_00373	3	72	0.651163
PDB_00374	3	73	0.651163
PDB_00376	3	73	0.487805
PDB_00377	0	33	1
PDB_00378	0	38	0.962963
PDB_00392	3	76	0.486486
PDB_00393	2	73	0.486486
PDB_00398	202	380	0
PDB_00401	52718	2828	0.550884
PDB_00402	18	75	0.325581
PDB_00409	3849	1174	0.321117
PDB_00411	2	35	0.8
PDB_00419	26	150	0.526316
PDB_00420	0	32	0.761905
PDB_00421	23	152	0.285714
PDB_00425	3	74	0.666667
PDB_00430	5	81	0.734694
PDB_00431	3	67	0.75
PDB_00447	14	120	0
PDB_00456	7717	1514	0.502358
PDB_00472	27	147	0.235294
PDB_00474	4	74	0.325581
PDB_00475	27	148	0.492308
PDB_00477	50100	2774	0.427459
PDB_00478	7496	1513	0.510112
PDB_00479	4	42	0.75
PDB_00483	1	58	0.571429
PDB_00488	54775	2876	0.553773
PDB_00517	54930	2878	0.554303
PDB_00522	14	48	0.625
PDB_00526	0	25	0
PDB_00527	0	25	0
PDB_00534	55894	2882	0.529025
PDB_00547	19	97	0.633333
PDB_00553	0	31	1
PDB_00561	55558	2879	0.551929
PDB_00593	39	152	0.526316
PDB_00599	0	34	0.962963
PDB_00603	0	23	0.947368
PDB_00606	48882	2766	0.451117
PDB_00607	48547	2770	0.449407
PDB_00609	54527	2884	0.47861
PDB_00611	9	40	0
PDB_00618	0	40	0.307692
PDB_00626	58	225	0
PDB_00628	46985	2765	0.463687
PDB_00637	13	69	0.357143
PDB_00643	9468	1688	0.463158
PDB_00644	58301	2943	0.46174
PDB_00645	8012	1533	0.5
PDB_00647	3	41	0.26087
PDB_00648	0	42	0.923077
PDB_00649	2	39	0.96
PDB_00651	55432	2880	0.554432
PDB_00663	12	44	0
PDB_00667	4	76	0.681818
PDB_00675	55722	2888	0.541667
PDB_00676	55161	2885	0.529588
PDB_00681	11	51	0
PDB_00682	0	32	0
PDB_00688	0	40	0
PDB_00691	0	21	0.857143
PDB_00692	1	50	0.470588
PDB_00693	0	49	0.9375
PDB_00698	1	42	0.944444
PDB_00702	6	94	0.888889
PDB_00703	6579	1466	0.505263
PDB_00704	56078	2916	0.550827
PDB_00707	54840	2876	0.553974
PDB_00709	10	40	0
PDB_00710	0	40	0
PDB_00713	3	64	0.529412
PDB_00722	24	152	0
PDB_00724	3	66	0
PDB_00725	0	35	0.928571
PDB_00726	0	27	0.5
PDB_00732	3	78	0.439024
PDB_00733	3	77	0.341463
PDB_00737	0	27	0.952381
PDB_00739	61	228	0
PDB_00741	0	38	0.866667
PDB_00742	3	74	0.755556
PDB_00743	0	33	0
PDB_00749	3	67	0.947368
PDB_00750	21	155	0.588235
PDB_00754	1	55	0.416667
PDB_00769	7344	1526	0.472681
PDB_00770	57588	2943	0.410256
PDB_00779	54339	2882	0.554632
PDB_00781	53741	2881	0.553444
PDB_00783	54543	2879	0.556283
PDB_00788	51783	2882	0.530539
PDB_00791	7603	1530	0.472687
PDB_00792	59670	2958	0.566938
PDB_00795	62978	3009	0.581921
PDB_00804	55	176	0.45
PDB_00805	2097	968	0.642202
PDB_00806	1	61	0.651163
PDB_00807	1	62	0.651163
PDB_00809	0	32	0.88
PDB_00810	0	47	0.875
PDB_00811	7509	1521	0.471545
PDB_00812	7294	1522	0.470588
PDB_00813	7637	1522	0.482679
PDB_00814	7586	1522	0.48046
PDB_00816	4	46	0
PDB_00819	0	27	0.956522
PDB_00820	0	27	0.909091
PDB_00823	0	20	0
PDB_00842	0	28	1
PDB_00844	54656	2876	0.499397
PDB_00847	55229	2876	0.500605
PDB_00851	21	98	0.64
PDB_00853	62960	2995	0.560453
PDB_00856	23	98	0.461538
PDB_00863	0	45	0.909091
PDB_00864	24	162	0.647619
PDB_00865	0	27	0.956522
PDB_00868	1	52	0.933333
PDB_00870	0	48	0
PDB_00871	0	48	0
PDB_00873	11	96	0
PDB_00874	0	44	0
PDB_00875	0	48	0
PDB_00876	0	45	0.974359
PDB_00879	10	101	0.84507
PDB_00885	0	41	0.971429
PDB_00886	4	92	0
PDB_00891	0	44	0
PDB_00892	3	72	0
PDB_00893	1	61	0.682927
PDB_00894	1	61	0.682927
PDB_00895	1	61	0.666667
PDB_00902	0	22	1
PDB_00903	4	76	0.292683
PDB_00904	26	152	0
PDB_00917	99	266	0.490066
PDB_00918	0	26	1
PDB_00919	113	298	0.517241
PDB_00921	0	28	0.952381
PDB_00923	0	20	1
PDB_00924	5	86	0.971429
PDB_00925	0	27	0.909091
PDB_00929	0	40	0
PDB_00932	0	41	0.8
PDB_00937	0	36	0.941176
PDB_00942	0	31	1
PDB_00945	0	31	0.947368
PDB_00946	9683	1673	0.495156
PDB_00947	58968	2937	0.550554
PDB_00952	9943	1673	0.503767
PDB_00960	4	29	0
PDB_00961	2	60	0.625
PDB_00963	0	28	1
PDB_00964	0	36	0.818182
PDB_00965	0	21	0
PDB_00966	0	23	0
PDB_00967	27	156	0.512821
PDB_00970	0	34	0.909091
PDB_00971	0	30	1
PDB_00973	0	27	0.8
PDB_00974	0	28	1
PDB_00976	0	27	0.869565
PDB_00979	27	154	0.368421
PDB_00980	25	150	0.533333
PDB_00981	27	150	0.526316
PDB_00985	86	248	0.295652
PDB_00991	1	61	0.651163
PDB_00992	1	60	0.636364
PDB_00994	28	146	0.574713
PDB_00995	0	20	0.714286
PDB_00996	0	20	0
PDB_00998	22	145	0.591549
PDB_00999	3	70	0.352941
PDB_01000	23	148	0.333333
PDB_01001	1	66	0.540541
PDB_01003	0	32	0.909091
PDB_01004	0	33	1
PDB_01006	0	34	1
PDB_01008	0	35	1
PDB_01009	3	71	0.511628
PDB_01011	3	71	0.909091
PDB_01012	5	71	0.909091
PDB_01015	7564	1527	0.522222
PDB_01017	4	30	0
PDB_01019	0	30	0
PDB_01020	2	68	0.918919
PDB_01021	2	68	0.918919
PDB_01022	3	68	1
PDB_01023	3	68	0.9
PDB_01024	2	68	1
PDB_01025	0	23	1
PDB_01027	0	44	0.75
PDB_01035	1	56	0.96
PDB_01037	0	44	0.903226
PDB_01039	7263	1511	0.480192
PDB_01040	5	48	0
PDB_01042	0	34	0.962963
PDB_01044	0	44	0.914286
PDB_01045	1	50	0.956522
PDB_01050	0	36	0.888889
PDB_01051	0	43	0.642857
PDB_01054	24	154	0.57971
PDB_01055	0	43	0.714286
PDB_01056	0	23	0.888889
PDB_01059	0	22	1
PDB_01060	3	64	0
PDB_01061	7	80	0.26087
PDB_01062	0	44	0.896552
PDB_01065	0	22	0
PDB_01066	3	68	0.947368
PDB_01068	22	142	0.682927
PDB_01069	21	141	0.682927
PDB_01071	0	29	0.818182
PDB_01072	0	28	0.869565
PDB_01073	5	94	0.892857
PDB_01074	3	75	0
PDB_01075	3	70	0.842105
PDB_01076	58	217	0.643357
PDB_01077	1	63	0.628571
PDB_01084	0	22	1
PDB_01088	10561	1716	0.388715
PDB_01089	53168	2848	0.516043
PDB_01092	64	143	0.666667
PDB_01096	0	32	0
PDB_01099	0	24	0.842105
PDB_01101	10320	1667	0.50582
PDB_01102	64377	3012	0.563449
PDB_01103	12585	1793	0.544177
PDB_01105	10334	1694	0.530271
PDB_01107	7530	1505	0.514673
PDB_01108	3	22	1
PDB_01111	3	75	0.454545
PDB_01112	4	75	0.608696
PDB_01114	4	76	0.622222
PDB_01115	3	74	0.851064
PDB_01116	2	69	0.512821
PDB_01118	1	57	0.842105
PDB_01126	3	79	0.608696
PDB_01129	99	267	0.432836
PDB_01130	2	60	1
PDB_01134	4	76	0.9
PDB_01135	0	29	0
PDB_01136	0	30	0.888889
PDB_01138	0	26	0
PDB_01139	10148	1687	0.501581
PDB_01140	56384	2891	0.578256
PDB_01143	66264	3032	0.571267
PDB_01144	261	408	0.612766
PDB_01145	0	40	0.933333
PDB_01152	0	34	0.962963
PDB_01154	0	29	0.9
PDB_01156	8	88	0
PDB_01160	2	65	0.368421
PDB_01161	117	272	0.207407
PDB_01162	1	56	0.47619
PDB_01163	1	46	0.976744
PDB_01164	1	56	0.96
PDB_01165	0	44	0
PDB_01167	0	20	0.857143
PDB_01168	0	20	0.857143
PDB_01184	48852	2765	0.46832
PDB_01185	14	73	0
PDB_01187	20	142	0.533333
PDB_01194	0	32	0.947368
PDB_01195	54204	2875	0.531813
PDB_01198	10048	1660	0.521097
PDB_01219	3	44	0
PDB_01236	27	153	0.653061
PDB_01240	10226	1685	0.495258
PDB_01249	26	150	0.45
PDB_01250	27	156	0
PDB_01251	0	26	0.869565
PDB_01255	34	159	0.754717
PDB_01260	2	61	0.181818
PDB_01261	2165	968	0.766784
PDB_01262	0	20	0
PDB_01268	7652	1528	0.516201
PDB_01269	8076	1529	0.512821
PDB_01274	29	152	0.519481
PDB_01300	21	142	0.683544
PDB_01301	21	141	0.682927
PDB_01302	22	139	0.556962
PDB_01309	23	136	0
PDB_01313	0	24	0
PDB_01325	0	24	0.909091
