NDB_00014	0	20	0.888889
NDB_00015	0	24	0.5
NDB_00016	0	24	0.909091
NDB_00047	0	24	0.909091
NDB_00048	3	56	0
NDB_00049	0	26	0.916667
NDB_00051	2	75	0.615385
PDB_00001	0	24	0
PDB_00006	0	38	1
PDB_00010	0	30	1
PDB_00011	4	24	0.909091
PDB_00012	0	29	0.823529
PDB_00013	0	29	0.952381
PDB_00020	0	40	0
PDB_00029	48055	2904	0.603678
PDB_00030	14	120	0.294118
PDB_00035	0	21	0.941176
PDB_00042	0	29	0.869565
PDB_00043	0	30	0.869565
PDB_00045	3	76	0.325581
PDB_00048	0	25	0.947368
PDB_00053	0	30	1
PDB_00054	0	20	0.666667
PDB_00070	2	76	0.666667
PDB_00073	0	27	0.75
PDB_00074	0	28	0
PDB_00078	100	316	0.52381
PDB_00081	0	20	0.941176
PDB_00082	103	315	0.539877
PDB_00088	0	30	0.818182
PDB_00095	3	75	0.55814
PDB_00096	1	26	0.818182
PDB_00098	0	22	0.8
PDB_00104	0	36	0
PDB_00107	0	31	0.869565
PDB_00108	0	21	1
PDB_00110	0	23	1
PDB_00112	0	46	0.923077
PDB_00113	0	22	0.941176
PDB_00120	0	22	0.947368
PDB_00121	0	22	0.947368
PDB_00122	0	25	0.909091
PDB_00123	3	92	0
PDB_00124	0	32	0
PDB_00125	1	22	0
PDB_00130	1	24	0.857143
PDB_00133	0	32	0
PDB_00134	0	28	1
PDB_00138	0	28	1
PDB_00140	80	314	0.564103
PDB_00141	0	24	0.888889
PDB_00142	0	30	0.909091
PDB_00149	0	38	0.888889
PDB_00153	0	23	0.947368
PDB_00154	0	31	0.705882
PDB_00157	4	82	0
PDB_00159	0	27	0.736842
PDB_00168	0	25	0.615385
PDB_00169	0	22	0.823529
PDB_00171	0	30	0.8
PDB_00173	0	24	0.947368
PDB_00174	0	46	0.9
PDB_00175	4	96	0
PDB_00178	0	33	0.857143
PDB_00181	0	22	0.875
PDB_00187	36964	2738	0.411896
PDB_00189	3	27	0.888889
PDB_00190	0	22	0.947368
PDB_00195	3	84	0
PDB_00196	1	57	0.923077
PDB_00197	0	25	0.823529
PDB_00201	0	26	0.75
PDB_00205	0	30	0.833333
PDB_00206	0	24	1
PDB_00207	0	28	0.88
PDB_00209	0	34	0
PDB_00211	0	20	0.888889
PDB_00221	0	23	0.875
PDB_00229	2	75	0.954545
PDB_00234	0	24	0
PDB_00236	0	48	0
PDB_00239	0	41	0.296296
PDB_00243	0	36	0.933333
PDB_00244	1	73	0.648649
PDB_00248	0	24	0.857143
PDB_00249	0	24	0
PDB_00254	0	24	0
PDB_00256	0	26	0
PDB_00257	0	27	0.952381
PDB_00258	0	23	1
PDB_00259	2	72	0.615385
PDB_00261	0	32	0
PDB_00262	0	48	0.222222
PDB_00264	0	48	0
PDB_00266	0	28	0.923077
PDB_00285	0	20	1
PDB_00286	0	20	0
PDB_00307	12	150	0.338983
PDB_00313	1	74	0.615385
PDB_00327	3	79	0.578947
PDB_00339	0	37	0.814815
PDB_00340	27	140	0.266667
PDB_00358	12	146	0.108108
PDB_00365	0	30	0.962963
PDB_00370	14	175	0.107143
PDB_00371	0	34	0.888889
PDB_00373	1	72	0.651163
PDB_00374	2	73	0.651163
PDB_00376	1	73	0.714286
PDB_00377	0	33	1
PDB_00378	0	38	0.962963
PDB_00392	2	76	0.65
PDB_00393	1	73	0.634146
PDB_00398	110	380	0
PDB_00401	39293	2828	0.491824
PDB_00402	6	75	0.341463
PDB_00409	2409	1174	0.248227
PDB_00411	0	35	0.8
PDB_00419	13	150	0.526316
PDB_00420	0	32	0.761905
PDB_00421	12	152	0.285714
PDB_00425	2	74	0.761905
PDB_00430	3	81	0.734694
PDB_00431	2	67	0.75
PDB_00447	6	120	0.230769
PDB_00456	5716	1514	0.494675
PDB_00472	11	147	0.322581
PDB_00474	2	74	0.341463
PDB_00475	14	148	0.507937
PDB_00477	37668	2774	0.371889
PDB_00478	5621	1513	0.516347
PDB_00479	0	42	0.8
PDB_00483	0	58	0
PDB_00488	41563	2876	0.51601
PDB_00517	42147	2878	0.521793
PDB_00522	3	48	0.625
PDB_00526	0	25	0
PDB_00527	0	25	0
PDB_00534	41826	2882	0.505521
PDB_00547	7	97	0.875
PDB_00553	0	31	1
PDB_00561	41460	2879	0.5
PDB_00593	18	152	0.526316
PDB_00599	0	34	0.962963
PDB_00603	0	23	0.947368
PDB_00606	36660	2766	0.38199
PDB_00607	36970	2770	0.381159
PDB_00609	41556	2884	0.403606
PDB_00611	15	40	0
PDB_00618	0	40	0.307692
PDB_00626	33	225	0
PDB_00628	36258	2765	0.384615
PDB_00637	6	69	0.357143
PDB_00643	7639	1688	0.460417
PDB_00644	43532	2943	0.390374
PDB_00645	5812	1533	0.496614
PDB_00647	0	41	0.26087
PDB_00648	0	42	0.923077
PDB_00649	0	39	0.96
PDB_00651	42089	2880	0.48642
PDB_00663	4	44	0
PDB_00667	2	76	0.681818
PDB_00675	41578	2888	0.507042
PDB_00676	41067	2885	0.500307
PDB_00681	6	51	0
PDB_00682	0	32	0
PDB_00688	0	40	0
PDB_00691	0	21	0.857143
PDB_00692	0	50	0.470588
PDB_00693	0	49	0.9375
PDB_00698	0	42	0.944444
PDB_00702	3	94	0.888889
PDB_00703	5105	1466	0.547344
PDB_00704	42507	2916	0.550448
PDB_00707	41031	2876	0.515375
PDB_00709	5	40	0
PDB_00710	0	40	0
PDB_00713	1	64	0.529412
PDB_00722	12	152	0
PDB_00724	2	66	0
PDB_00725	0	35	0.928571
PDB_00726	0	27	0.5
PDB_00732	2	78	0.439024
PDB_00733	2	77	0.341463
PDB_00737	0	27	0.952381
PDB_00739	32	228	0
PDB_00741	0	38	0.866667
PDB_00742	1	74	0.755556
PDB_00743	0	33	0
PDB_00749	1	67	0.947368
PDB_00750	11	155	0.804348
PDB_00754	0	55	0.347826
PDB_00769	5493	1526	0.471322
PDB_00770	43349	2943	0.330357
PDB_00779	40705	2882	0.48582
PDB_00781	40007	2881	0.519926
PDB_00783	41001	2879	0.503083
PDB_00788	42392	2882	0.505521
PDB_00791	5786	1530	0.454343
PDB_00792	45994	2958	0.558517
PDB_00795	47135	3009	0.606842
PDB_00804	26	176	0.45
PDB_00805	1232	968	0.70377
PDB_00806	1	61	0.5
PDB_00807	1	62	0.651163
PDB_00809	0	32	0.88
PDB_00810	0	47	0.83871
PDB_00811	5443	1521	0.510983
PDB_00812	5482	1522	0.518182
PDB_00813	5517	1522	0.518349
PDB_00814	5495	1522	0.516571
PDB_00816	0	46	0
PDB_00819	0	27	0.956522
PDB_00820	0	27	0.909091
PDB_00823	0	20	0
PDB_00842	0	28	1
PDB_00844	41180	2876	0.523058
PDB_00847	41170	2876	0.524331
PDB_00851	8	98	0.64
PDB_00853	48274	2995	0.591479
PDB_00856	11	98	0.470588
PDB_00863	0	45	0.875
PDB_00864	13	162	0.647619
PDB_00865	0	27	0.956522
PDB_00868	0	52	0.235294
PDB_00870	0	48	0
PDB_00871	0	48	0
PDB_00873	4	96	0
PDB_00874	1	44	0
PDB_00875	0	48	0
PDB_00876	0	45	0.974359
PDB_00879	5	101	0.746269
PDB_00885	0	41	0.971429
PDB_00886	2	92	0
PDB_00891	0	44	0
PDB_00892	2	72	0
PDB_00893	1	61	0.682927
PDB_00894	1	61	0.682927
PDB_00895	0	61	0.666667
PDB_00902	0	22	1
PDB_00903	2	76	0.333333
PDB_00904	14	152	0
PDB_00917	49	266	0.447368
PDB_00918	0	26	1
PDB_00919	71	298	0.472727
PDB_00921	0	28	0.952381
PDB_00923	0	20	1
PDB_00924	3	86	0.971429
PDB_00925	0	27	0.909091
PDB_00929	0	40	0
PDB_00932	0	41	0.8
PDB_00937	0	36	0.941176
PDB_00942	0	31	0.888889
PDB_00945	0	31	0.947368
PDB_00946	7815	1673	0.555436
PDB_00947	44272	2937	0.553135
PDB_00952	7494	1673	0.520971
PDB_00960	2	29	0
PDB_00961	1	60	0.625
PDB_00963	0	28	0.8
PDB_00964	0	36	0.818182
PDB_00965	0	21	0
PDB_00966	0	23	0
PDB_00967	14	156	0
PDB_00970	0	34	0.909091
PDB_00971	0	30	0.888889
PDB_00973	0	27	0
PDB_00974	0	28	0.181818
PDB_00976	0	27	0.956522
PDB_00979	15	154	0.0277778
PDB_00980	13	150	0.298507
PDB_00981	13	150	0.294118
PDB_00985	49	248	0.224299
PDB_00991	1	61	0.5
PDB_00992	1	60	0.487805
PDB_00994	13	146	0
PDB_00995	0	20	0.714286
PDB_00996	0	20	0
PDB_00998	11	145	0.591549
PDB_00999	1	70	0.363636
PDB_01000	12	148	0.514286
PDB_01001	1	66	0.571429
PDB_01003	0	32	0.909091
PDB_01004	0	33	1
PDB_01006	0	34	1
PDB_01008	0	35	1
PDB_01009	2	71	0.511628
PDB_01011	2	71	0.909091
PDB_01012	2	71	0.909091
PDB_01015	5647	1527	0.522321
PDB_01017	1	30	0
PDB_01019	0	30	0
PDB_01020	1	68	0.918919
PDB_01021	1	68	0.918919
PDB_01022	2	68	1
PDB_01023	1	68	0.947368
PDB_01024	1	68	1
PDB_01025	0	23	1
PDB_01027	0	44	0.8
PDB_01035	1	56	0.96
PDB_01037	0	44	0.903226
PDB_01039	5561	1511	0.511243
PDB_01040	0	48	0
PDB_01042	0	34	0.962963
PDB_01044	0	44	0.914286
PDB_01045	0	50	0.956522
PDB_01050	0	36	0.888889
PDB_01051	0	43	0.666667
PDB_01054	12	154	0.57971
PDB_01055	0	43	0.714286
PDB_01056	0	23	0.888889
PDB_01059	0	22	1
PDB_01060	1	64	0
PDB_01061	3	80	0.26087
PDB_01062	0	44	0.896552
PDB_01065	0	22	0
PDB_01066	1	68	0.947368
PDB_01068	13	142	0.682927
PDB_01069	12	141	0.682927
PDB_01071	0	29	0.818182
PDB_01072	0	28	0.869565
PDB_01073	3	94	0.892857
PDB_01074	1	75	0
PDB_01075	2	70	0.807018
PDB_01076	29	217	0.652482
PDB_01077	1	63	0.628571
PDB_01084	0	22	1
PDB_01088	8519	1716	0.346194
PDB_01089	41796	2848	0.494276
PDB_01092	16	143	0.666667
PDB_01096	0	32	0
PDB_01099	0	24	0.842105
PDB_01101	7717	1667	0.613445
PDB_01102	48680	3012	0.617964
PDB_01103	9754	1793	0.61986
PDB_01105	7940	1694	0.537975
PDB_01107	5341	1505	0.596218
PDB_01108	0	22	1
PDB_01111	2	75	0.454545
PDB_01112	1	75	0.622222
PDB_01114	1	76	0.636364
PDB_01115	1	74	0.851064
PDB_01116	1	69	0.512821
PDB_01118	1	57	0.842105
PDB_01126	2	79	0.608696
PDB_01129	49	267	0.427481
PDB_01130	1	60	0.952381
PDB_01134	2	76	0.9
PDB_01135	0	29	0
PDB_01136	0	30	0.941176
PDB_01138	0	26	0
PDB_01139	7736	1687	0.530398
PDB_01140	41112	2891	0.623145
PDB_01143	48151	3032	0.559819
PDB_01144	138	408	0.302752
PDB_01145	0	40	0.933333
PDB_01152	0	34	0.962963
PDB_01154	0	29	0.9
PDB_01156	3	88	0
PDB_01160	2	65	0.368421
PDB_01161	72	272	0.233577
PDB_01162	1	56	0.47619
PDB_01163	0	46	0.976744
PDB_01164	1	56	0.96
PDB_01165	0	44	0
PDB_01167	0	20	0.857143
PDB_01168	0	20	0.857143
PDB_01184	36222	2765	0.389648
PDB_01185	7	73	0
PDB_01187	10	142	0.675
PDB_01194	0	32	0
PDB_01195	39919	2875	0.515692
PDB_01198	6717	1660	0.591286
PDB_01219	2	44	0
PDB_01236	12	153	0.659794
PDB_01240	7093	1685	0.463983
PDB_01249	14	150	0.758621
PDB_01250	13	156	0
PDB_01251	0	26	0.869565
PDB_01255	13	159	0.691589
PDB_01260	1	61	0.2
PDB_01261	1149	968	0.778571
PDB_01262	0	20	0
PDB_01268	5168	1528	0.528217
PDB_01269	5149	1529	0.524775
PDB_01274	15	152	0
PDB_01300	10	142	0.683544
PDB_01301	10	141	0.682927
PDB_01302	11	139	0.641026
PDB_01309	10	136	0
PDB_01313	0	24	0
PDB_01325	0	24	0.909091
